[[ 1.00000000e+00 -1.00000000e+00  0.00000000e+00 ... -1.00000000e+00
   0.00000000e+00  0.00000000e+00]
 [ 5.00000000e+00  4.00000000e+00  0.00000000e+00 ...  1.05703015e+09
   7.10555556e+02  9.56250000e+02]
 [ 0.00000000e+00  0.00000000e+00  1.00000000e-24 ...  0.00000000e+00
   0.00000000e+00  0.00000000e+00]
 ...
 [ 5.00000000e+00  4.00000000e+00  0.00000000e+00 ...  1.05695056e+09
   7.10502052e+02  9.56177996e+02]
 [ 0.00000000e+00  0.00000000e+00  0.00000000e+00 ...  0.00000000e+00
   6.98795930e+00  0.00000000e+00]
 [ 0.00000000e+00  0.00000000e+00  0.00000000e+00 ...  1.17346585e+01
   0.00000000e+00  2.99233791e+03]]